10	0	-10	0
9.99999	0.01	-9.99999	-0.01
9.99995	0.02	-9.99995	-0.02
9.99989	0.0299999	-9.99989	-0.0299999
9.9998	0.0399997	-9.9998	-0.0399997
9.99969	0.0499995	-9.99969	-0.0499995
9.99955	0.0599991	-9.99955	-0.0599991
9.99939	0.0699986	-9.99939	-0.0699986
9.9992	0.0799979	-9.9992	-0.0799979
9.99899	0.089997	-9.99899	-0.089997
9.99875	0.0999958	-9.99875	-0.0999958
9.99849	0.109994	-9.99849	-0.109994
9.9982	0.119993	-9.9982	-0.119993
9.99789	0.129991	-9.99789	-0.129991
9.99755	0.139989	-9.99755	-0.139989
9.99719	0.149986	-9.99719	-0.149986
9.9968	0.159983	-9.9968	-0.159983
9.99639	0.16998	-9.99639	-0.16998
9.99595	0.179976	-9.99595	-0.179976
9.99549	0.189971	-9.99549	-0.189971
9.995	0.199967	-9.995	-0.199967
9.99449	0.209961	-9.99449	-0.209961
9.99395	0.219956	-9.99395	-0.219956
9.99339	0.229949	-9.99339	-0.229949
9.9928	0.239942	-9.9928	-0.239942
9.99219	0.249935	-9.99219	-0.249935
9.99155	0.259927	-9.99155	-0.259927
9.99089	0.269918	-9.99089	-0.269918
9.9902	0.279908	-9.9902	-0.279908
9.98949	0.289898	-9.98949	-0.289898
9.98875	0.299887	-9.98875	-0.299887
9.98799	0.309876	-9.98799	-0.309876
9.9872	0.319863	-9.9872	-0.319863
9.98639	0.32985	-9.98639	-0.32985
9.98555	0.339836	-9.98555	-0.339836
9.98468	0.349821	-9.98468	-0.349821
9.9838	0.359805	-9.9838	-0.359805
9.98288	0.369789	-9.98288	-0.369789
9.98195	0.379771	-9.98195	-0.379771
9.98098	0.389753	-9.98098	-0.389753
9.97999	0.399733	-9.97999	-0.399733
9.97898	0.409713	-9.97898	-0.409713
9.97794	0.419691	-9.97794	-0.419691
9.97688	0.429668	-9.97688	-0.429668
9.97579	0.439645	-9.97579	-0.439645
9.97468	0.44962	-9.97468	-0.44962
9.97354	0.459594	-9.97354	-0.459594
9.97238	0.469567	-9.97238	-0.469567
9.97119	0.479539	-9.97119	-0.479539
9.96998	0.489509	-9.96998	-0.489509
9.96874	0.499478	-9.96874	-0.499478
9.96747	0.509446	-9.96747	-0.509446
9.96618	0.519413	-9.96618	-0.519413
9.96487	0.529379	-9.96487	-0.529379
9.96353	0.539343	-9.96353	-0.539343
9.96217	0.549306	-9.96217	-0.549306
9.96078	0.559267	-9.96078	-0.559267
9.95937	0.569227	-9.95937	-0.569227
9.95793	0.579186	-9.95793	-0.579186
9.95646	0.589143	-9.95646	-0.589143
9.95497	0.599098	-9.95497	-0.599098
9.95346	0.609052	-9.95346	-0.609052
9.95192	0.619005	-9.95192	-0.619005
9.95035	0.628956	-9.95035	-0.628956
9.94877	0.638905	-9.94877	-0.638905
9.94715	0.648853	-9.94715	-0.648853
9.94551	0.658799	-9.94551	-0.658799
9.94385	0.668744	-9.94385	-0.668744
9.94216	0.678687	-9.94216	-0.678687
9.94044	0.688628	-9.94044	-0.688628
9.9387	0.698567	-9.9387	-0.698567
9.93693	0.708505	-9.93693	-0.708505
9.93514	0.71844	-9.93514	-0.71844
9.93333	0.728374	-9.93333	-0.728374
9.93149	0.738306	-9.93149	-0.738306
9.92962	0.748237	-9.92962	-0.748237
9.92773	0.758165	-9.92773	-0.758165
9.92581	0.768092	-9.92581	-0.768092
9.92387	0.778016	-9.92387	-0.778016
9.92191	0.787939	-9.92191	-0.787939
9.91991	0.797859	-9.91991	-0.797859
9.9179	0.807778	-9.9179	-0.807778
9.91586	0.817694	-9.91586	-0.817694
9.91379	0.827608	-9.91379	-0.827608
9.9117	0.837521	-9.9117	-0.837521
9.90958	0.847431	-9.90958	-0.847431
9.90744	0.857339	-9.90744	-0.857339
9.90527	0.867245	-9.90527	-0.867245
9.90307	0.877148	-9.90307	-0.877148
9.90086	0.88705	-9.90086	-0.88705
9.89861	0.896949	-9.89861	-0.896949
9.89634	0.906846	-9.89634	-0.906846
9.89405	0.91674	-9.89405	-0.91674
9.89173	0.926632	-9.89173	-0.926632
9.88939	0.936522	-9.88939	-0.936522
9.88702	0.94641	-9.88702	-0.94641
9.88462	0.956295	-9.88462	-0.956295
9.8822	0.966177	-9.8822	-0.966177
9.87976	0.976058	-9.87976	-0.976058
9.87729	0.985935	-9.87729	-0.985935
9.87479	0.99581	-9.87479	-0.99581
9.87227	1.00568	-9.87227	-1.00568
9.86972	1.01555	-9.86972	-1.01555
9.86715	1.02542	-9.86715	-1.02542
9.86456	1.03528	-9.86456	-1.03528
9.86193	1.04515	-9.86193	-1.04515
9.85929	1.05501	-9.85929	-1.05501
9.85661	1.06486	-9.85661	-1.06486
9.85392	1.07472	-9.85392	-1.07472
9.85119	1.08457	-9.85119	-1.08457
9.84844	1.09442	-9.84844	-1.09442
9.84567	1.10426	-9.84567	-1.10426
9.84287	1.11411	-9.84287	-1.11411
9.84005	1.12395	-9.84005	-1.12395
9.8372	1.13378	-9.8372	-1.13378
9.83432	1.14362	-9.83432	-1.14362
9.83142	1.15345	-9.83142	-1.15345
9.8285	1.16328	-9.8285	-1.16328
9.82554	1.1731	-9.82554	-1.1731
9.82257	1.18292	-9.82257	-1.18292
9.81957	1.19274	-9.81957	-1.19274
9.81654	1.20256	-9.81654	-1.20256
9.81349	1.21237	-9.81349	-1.21237
9.81041	1.22218	-9.81041	-1.22218
9.80731	1.23199	-9.80731	-1.23199
9.80418	1.24179	-9.80418	-1.24179
9.80102	1.25159	-9.80102	-1.25159
9.79784	1.26139	-9.79784	-1.26139
9.79464	1.27118	-9.79464	-1.27118
9.79141	1.28097	-9.79141	-1.28097
9.78815	1.29076	-9.78815	-1.29076
9.78487	1.30054	-9.78487	-1.30054
9.78156	1.31032	-9.78156	-1.31032
9.77823	1.3201	-9.77823	-1.3201
9.77487	1.32987	-9.77487	-1.32987
9.77149	1.33964	-9.77149	-1.33964
9.76808	1.34941	-9.76808	-1.34941
9.76465	1.35917	-9.76465	-1.35917
9.76119	1.36893	-9.76119	-1.36893
9.75771	1.37869	-9.75771	-1.37869
9.7542	1.38844	-9.7542	-1.38844
9.75066	1.39819	-9.75066	-1.39819
9.7471	1.40794	-9.7471	-1.40794
9.74351	1.41768	-9.74351	-1.41768
9.7399	1.42741	-9.7399	-1.42741
9.73626	1.43715	-9.73626	-1.43715
9.7326	1.44688	-9.7326	-1.44688
9.72891	1.4566	-9.72891	-1.4566
9.72519	1.46633	-9.72519	-1.46633
9.72145	1.47605	-9.72145	-1.47605
9.71769	1.48576	-9.71769	-1.48576
9.7139	1.49547	-9.7139	-1.49547
9.71008	1.50518	-9.71008	-1.50518
9.70624	1.51488	-9.70624	-1.51488
9.70237	1.52458	-9.70237	-1.52458
9.69848	1.53428	-9.69848	-1.53428
9.69456	1.54397	-9.69456	-1.54397
9.69061	1.55365	-9.69061	-1.55365
9.68664	1.56334	-9.68664	-1.56334
9.68265	1.57301	-9.68265	-1.57301
9.67862	1.58269	-9.67862	-1.58269
9.67458	1.59236	-9.67458	-1.59236
9.6705	1.60203	-9.6705	-1.60203
9.66641	1.61169	-9.66641	-1.61169
9.66228	1.62134	-9.66228	-1.62134
9.65813	1.631	-9.65813	-1.631
9.65396	1.64065	-9.65396	-1.64065
9.64975	1.65029	-9.64975	-1.65029
9.64553	1.65993	-9.64553	-1.65993
9.64127	1.66957	-9.64127	-1.66957
9.637	1.6792	-9.637	-1.6792
9.63269	1.68882	-9.63269	-1.68882
9.62836	1.69845	-9.62836	-1.69845
9.624	1.70806	-9.624	-1.70806
9.61962	1.71768	-9.61962	-1.71768
9.61522	1.72729	-9.61522	-1.72729
9.61078	1.73689	-9.61078	-1.73689
9.60632	1.74649	-9.60632	-1.74649
9.60184	1.75608	-9.60184	-1.75608
9.59733	1.76567	-9.59733	-1.76567
9.59279	1.77526	-9.59279	-1.77526
9.58823	1.78484	-9.58823	-1.78484
9.58364	1.79441	-9.58364	-1.79441
9.57903	1.80398	-9.57903	-1.80398
9.57439	1.81355	-9.57439	-1.81355
9.56972	1.82311	-9.56972	-1.82311
9.56503	1.83267	-9.56503	-1.83267
9.56031	1.84222	-9.56031	-1.84222
9.55557	1.85176	-9.55557	-1.85176
9.5508	1.8613	-9.5508	-1.8613
9.54601	1.87084	-9.54601	-1.87084
9.54119	1.88037	-9.54119	-1.88037
9.53634	1.8899	-9.53634	-1.8899
9.53147	1.89942	-9.53147	-1.89942
9.52657	1.90893	-9.52657	-1.90893
9.52164	1.91844	-9.52164	-1.91844
9.51669	1.92795	-9.51669	-1.92795
9.51171	1.93745	-9.51171	-1.93745
9.50671	1.94694	-9.50671	-1.94694
9.50168	1.95643	-9.50168	-1.95643
9.49663	1.96591	-9.49663	-1.96591
9.49155	1.97539	-9.49155	-1.97539
9.48644	1.98486	-9.48644	-1.98486
9.48131	1.99433	-9.48131	-1.99433
9.47615	2.00379	-9.47615	-2.00379
9.47096	2.01325	-9.47096	-2.01325
9.46575	2.0227	-9.46575	-2.0227
9.46051	2.03215	-9.46051	-2.03215
9.45525	2.04159	-9.45525	-2.04159
9.44996	2.05102	-9.44996	-2.05102
9.44465	2.06045	-9.44465	-2.06045
9.4393	2.06987	-9.4393	-2.06987
9.43394	2.07929	-9.43394	-2.07929
9.42854	2.0887	-9.42854	-2.0887
9.42312	2.0981	-9.42312	-2.0981
9.41768	2.1075	-9.41768	-2.1075
9.4122	2.1169	-9.4122	-2.1169
9.4067	2.12628	-9.4067	-2.12628
9.40118	2.13567	-9.40118	-2.13567
9.39563	2.14504	-9.39563	-2.14504
9.39005	2.15441	-9.39005	-2.15441
9.38445	2.16378	-9.38445	-2.16378
9.37882	2.17313	-9.37882	-2.17313
9.37316	2.18249	-9.37316	-2.18249
9.36748	2.19183	-9.36748	-2.19183
9.36177	2.20117	-9.36177	-2.20117
9.35603	2.2105	-9.35603	-2.2105
9.35027	2.21983	-9.35027	-2.21983
9.34448	2.22915	-9.34448	-2.22915
9.33867	2.23847	-9.33867	-2.23847
9.33283	2.24777	-9.33283	-2.24777
9.32696	2.25708	-9.32696	-2.25708
9.32107	2.26637	-9.32107	-2.26637
9.31515	2.27566	-9.31515	-2.27566
9.3092	2.28494	-9.3092	-2.28494
9.30323	2.29422	-9.30323	-2.29422
9.29723	2.30349	-9.29723	-2.30349
9.29121	2.31275	-9.29121	-2.31275
9.28515	2.32201	-9.28515	-2.32201
9.27908	2.33126	-9.27908	-2.33126
9.27297	2.3405	-9.27297	-2.3405
9.26684	2.34974	-9.26684	-2.34974
9.26068	2.35897	-9.26068	-2.35897
9.2545	2.36819	-9.2545	-2.36819
9.24829	2.37741	-9.24829	-2.37741
9.24205	2.38662	-9.24205	-2.38662
9.23578	2.39582	-9.23578	-2.39582
9.22949	2.40501	-9.22949	-2.40501
9.22318	2.4142	-9.22318	-2.4142
9.21683	2.42338	-9.21683	-2.42338
9.21046	2.43256	-9.21046	-2.43256
9.20407	2.44173	-9.20407	-2.44173
9.19764	2.45089	-9.19764	-2.45089
9.19119	2.46004	-9.19119	-2.46004
9.18471	2.46919	-9.18471	-2.46919
9.17821	2.47833	-9.17821	-2.47833
9.17168	2.48746	-9.17168	-2.48746
9.16512	2.49658	-9.16512	-2.49658
9.15854	2.5057	-9.15854	-2.5057
9.15193	2.51481	-9.15193	-2.51481
9.14529	2.52391	-9.14529	-2.52391
9.13863	2.53301	-9.13863	-2.53301
9.13193	2.5421	-9.13193	-2.5421
9.12522	2.55118	-9.12522	-2.55118
9.11847	2.56025	-9.11847	-2.56025
9.1117	2.56932	-9.1117	-2.56932
9.1049	2.57837	-9.1049	-2.57837
9.09808	2.58742	-9.09808	-2.58742
9.09123	2.59647	-9.09123	-2.59647
9.08435	2.6055	-9.08435	-2.6055
9.07744	2.61453	-9.07744	-2.61453
9.07051	2.62355	-9.07051	-2.62355
9.06355	2.63256	-9.06355	-2.63256
9.05656	2.64156	-9.05656	-2.64156
9.04955	2.65056	-9.04955	-2.65056
9.04251	2.65955	-9.04251	-2.65955
9.03544	2.66853	-9.03544	-2.66853
9.02834	2.6775	-9.02834	-2.6775
9.02122	2.68647	-9.02122	-2.68647
9.01407	2.69542	-9.01407	-2.69542
9.0069	2.70437	-9.0069	-2.70437
8.9997	2.71331	-8.9997	-2.71331
8.99247	2.72224	-8.99247	-2.72224
8.98521	2.73116	-8.98521	-2.73116
8.97792	2.74008	-8.97792	-2.74008
8.97061	2.74899	-8.97061	-2.74899
8.96327	2.75789	-8.96327	-2.75789
8.95591	2.76678	-8.95591	-2.76678
8.94852	2.77566	-8.94852	-2.77566
8.9411	2.78453	-8.9411	-2.78453
8.93365	2.7934	-8.93365	-2.7934
8.92617	2.80225	-8.92617	-2.80225
8.91867	2.8111	-8.91867	-2.8111
8.91114	2.81994	-8.91114	-2.81994
8.90359	2.82877	-8.90359	-2.82877
8.896	2.83759	-8.896	-2.83759
8.88839	2.84641	-8.88839	-2.84641
8.88075	2.85521	-8.88075	-2.85521
8.87309	2.86401	-8.87309	-2.86401
8.8654	2.87279	-8.8654	-2.87279
8.85768	2.88157	-8.85768	-2.88157
8.84993	2.89034	-8.84993	-2.89034
8.84215	2.8991	-8.84215	-2.8991
8.83435	2.90785	-8.83435	-2.90785
8.82652	2.91659	-8.82652	-2.91659
8.81866	2.92533	-8.81866	-2.92533
8.81078	2.93405	-8.81078	-2.93405
8.80287	2.94277	-8.80287	-2.94277
8.79493	2.95147	-8.79493	-2.95147
8.78696	2.96017	-8.78696	-2.96017
8.77896	2.96886	-8.77896	-2.96886
8.77094	2.97753	-8.77094	-2.97753
8.76289	2.9862	-8.76289	-2.9862
8.75481	2.99486	-8.75481	-2.99486
8.74671	3.00351	-8.74671	-3.00351
8.73857	3.01215	-8.73857	-3.01215
8.73041	3.02078	-8.73041	-3.02078
8.72222	3.0294	-8.72222	-3.0294
8.71401	3.03801	-8.71401	-3.03801
8.70576	3.04661	-8.70576	-3.04661
8.69749	3.05521	-8.69749	-3.05521
8.68919	3.06379	-8.68919	-3.06379
8.68087	3.07236	-8.68087	-3.07236
8.67251	3.08092	-8.67251	-3.08092
8.66413	3.08948	-8.66413	-3.08948
8.65572	3.09802	-8.65572	-3.09802
8.64728	3.10655	-8.64728	-3.10655
8.63881	3.11507	-8.63881	-3.11507
8.63032	3.12359	-8.63032	-3.12359
8.6218	3.13209	-8.6218	-3.13209
8.61325	3.14058	-8.61325	-3.14058
8.60467	3.14906	-8.60467	-3.14906
8.59606	3.15754	-8.59606	-3.15754
8.58743	3.166	-8.58743	-3.166
8.57877	3.17445	-8.57877	-3.17445
8.57008	3.18289	-8.57008	-3.18289
8.56136	3.19132	-8.56136	-3.19132
8.55261	3.19974	-8.55261	-3.19974
8.54384	3.20815	-8.54384	-3.20815
8.53504	3.21655	-8.53504	-3.21655
8.52621	3.22494	-8.52621	-3.22494
8.51735	3.23332	-8.51735	-3.23332
8.50846	3.24168	-8.50846	-3.24168
8.49955	3.25004	-8.49955	-3.25004
8.4906	3.25839	-8.4906	-3.25839
8.48163	3.26672	-8.48163	-3.26672
8.47263	3.27505	-8.47263	-3.27505
8.4636	3.28336	-8.4636	-3.28336
8.45455	3.29166	-8.45455	-3.29166
8.44546	3.29995	-8.44546	-3.29995
8.43635	3.30823	-8.43635	-3.30823
8.42721	3.3165	-8.42721	-3.3165
8.41804	3.32476	-8.41804	-3.32476
8.40884	3.333	-8.40884	-3.333
8.39962	3.34124	-8.39962	-3.34124
8.39036	3.34946	-8.39036	-3.34946
8.38108	3.35768	-8.38108	-3.35768
8.37177	3.36588	-8.37177	-3.36588
8.36243	3.37407	-8.36243	-3.37407
8.35306	3.38225	-8.35306	-3.38225
8.34366	3.39041	-8.34366	-3.39041
8.33424	3.39857	-8.33424	-3.39857
8.32478	3.40671	-8.32478	-3.40671
8.3153	3.41484	-8.3153	-3.41484
8.30579	3.42296	-8.30579	-3.42296
8.29625	3.43107	-8.29625	-3.43107
8.28668	3.43917	-8.28668	-3.43917
8.27708	3.44725	-8.27708	-3.44725
8.26746	3.45532	-8.26746	-3.45532
8.2578	3.46338	-8.2578	-3.46338
8.24812	3.47143	-8.24812	-3.47143
8.2384	3.47947	-8.2384	-3.47947
8.22866	3.48749	-8.22866	-3.48749
8.21889	3.4955	-8.21889	-3.4955
8.20909	3.5035	-8.20909	-3.5035
8.19927	3.51149	-8.19927	-3.51149
8.18941	3.51947	-8.18941	-3.51947
8.17952	3.52743	-8.17952	-3.52743
8.16961	3.53538	-8.16961	-3.53538
8.15967	3.54332	-8.15967	-3.54332
8.14969	3.55124	-8.14969	-3.55124
8.13969	3.55915	-8.13969	-3.55915
8.12966	3.56705	-8.12966	-3.56705
8.1196	3.57494	-8.1196	-3.57494
8.10952	3.58281	-8.10952	-3.58281
8.0994	3.59068	-8.0994	-3.59068
8.08925	3.59852	-8.08925	-3.59852
8.07908	3.60636	-8.07908	-3.60636
8.06887	3.61418	-8.06887	-3.61418
8.05864	3.62199	-8.05864	-3.62199
8.04837	3.62979	-8.04837	-3.62979
8.03808	3.63757	-8.03808	-3.63757
8.02776	3.64534	-8.02776	-3.64534
8.01741	3.6531	-8.01741	-3.6531
8.00703	3.66084	-8.00703	-3.66084
7.99662	3.66857	-7.99662	-3.66857
7.98618	3.67629	-7.98618	-3.67629
7.97571	3.68399	-7.97571	-3.68399
7.96521	3.69168	-7.96521	-3.69168
7.95468	3.69935	-7.95468	-3.69935
7.94413	3.70701	-7.94413	-3.70701
7.93354	3.71466	-7.93354	-3.71466
7.92292	3.7223	-7.92292	-3.7223
7.91228	3.72992	-7.91228	-3.72992
7.9016	3.73752	-7.9016	-3.73752
7.8909	3.74511	-7.8909	-3.74511
7.88017	3.75269	-7.88017	-3.75269
7.8694	3.76026	-7.8694	-3.76026
7.85861	3.76781	-7.85861	-3.76781
7.84779	3.77534	-7.84779	-3.77534
7.83693	3.78286	-7.83693	-3.78286
7.82605	3.79037	-7.82605	-3.79037
7.81514	3.79786	-7.81514	-3.79786
7.8042	3.80534	-7.8042	-3.80534
7.79322	3.81281	-7.79322	-3.81281
7.78222	3.82026	-7.78222	-3.82026
7.77119	3.82769	-7.77119	-3.82769
7.76013	3.83511	-7.76013	-3.83511
7.74904	3.84251	-7.74904	-3.84251
7.73792	3.84991	-7.73792	-3.84991
7.72677	3.85728	-7.72677	-3.85728
7.71559	3.86464	-7.71559	-3.86464
7.70437	3.87199	-7.70437	-3.87199
7.69313	3.87932	-7.69313	-3.87932
7.68186	3.88663	-7.68186	-3.88663
7.67056	3.89393	-7.67056	-3.89393
7.65923	3.90121	-7.65923	-3.90121
7.64787	3.90848	-7.64787	-3.90848
7.63647	3.91574	-7.63647	-3.91574
7.62505	3.92298	-7.62505	-3.92298
7.6136	3.9302	-7.6136	-3.9302
7.60212	3.93741	-7.60212	-3.93741
7.5906	3.9446	-7.5906	-3.9446
7.57906	3.95177	-7.57906	-3.95177
7.56749	3.95893	-7.56749	-3.95893
7.55588	3.96608	-7.55588	-3.96608
7.54425	3.9732	-7.54425	-3.9732
7.53259	3.98032	-7.53259	-3.98032
7.52089	3.98741	-7.52089	-3.98741
7.50916	3.99449	-7.50916	-3.99449
7.49741	4.00155	-7.49741	-4.00155
7.48562	4.0086	-7.48562	-4.0086
7.4738	4.01563	-7.4738	-4.01563
7.46196	4.02265	-7.46196	-4.02265
7.45008	4.02964	-7.45008	-4.02964
7.43817	4.03663	-7.43817	-4.03663
7.42623	4.04359	-7.42623	-4.04359
7.41426	4.05054	-7.41426	-4.05054
7.40226	4.05747	-7.40226	-4.05747
7.39023	4.06438	-7.39023	-4.06438
7.37816	4.07128	-7.37816	-4.07128
7.36607	4.07816	-7.36607	-4.07816
7.35394	4.08502	-7.35394	-4.08502
7.34179	4.09187	-7.34179	-4.09187
7.3296	4.0987	-7.3296	-4.0987
7.31739	4.10551	-7.31739	-4.10551
7.30514	4.1123	-7.30514	-4.1123
7.29286	4.11908	-7.29286	-4.11908
7.28055	4.12584	-7.28055	-4.12584
7.26821	4.13258	-7.26821	-4.13258
7.25583	4.1393	-7.25583	-4.1393
7.24343	4.14601	-7.24343	-4.14601
7.231	4.1527	-7.231	-4.1527
7.21853	4.15937	-7.21853	-4.15937
7.20603	4.16602	-7.20603	-4.16602
7.1935	4.17266	-7.1935	-4.17266
7.18095	4.17927	-7.18095	-4.17927
7.16835	4.18587	-7.16835	-4.18587
7.15573	4.19245	-7.15573	-4.19245
7.14308	4.19901	-7.14308	-4.19901
7.13039	4.20555	-7.13039	-4.20555
7.11768	4.21208	-7.11768	-4.21208
7.10493	4.21858	-7.10493	-4.21858
7.09215	4.22507	-7.09215	-4.22507
7.07934	4.23154	-7.07934	-4.23154
7.0665	4.23799	-7.0665	-4.23799
7.05362	4.24442	-7.05362	-4.24442
7.04072	4.25083	-7.04072	-4.25083
7.02778	4.25722	-7.02778	-4.25722
7.01481	4.2636	-7.01481	-4.2636
7.00181	4.26995	-7.00181	-4.26995
6.98878	4.27628	-6.98878	-4.27628
6.97571	4.2826	-6.97571	-4.2826
6.96262	4.28889	-6.96262	-4.28889
6.94949	4.29517	-6.94949	-4.29517
6.93633	4.30143	-6.93633	-4.30143
6.92314	4.30766	-6.92314	-4.30766
6.90992	4.31388	-6.90992	-4.31388
6.89666	4.32008	-6.89666	-4.32008
6.88337	4.32625	-6.88337	-4.32625
6.87005	4.33241	-6.87005	-4.33241
6.8567	4.33854	-6.8567	-4.33854
6.84332	4.34466	-6.84332	-4.34466
6.8299	4.35076	-6.8299	-4.35076
6.81646	4.35683	-6.81646	-4.35683
6.80298	4.36289	-6.80298	-4.36289
6.78946	4.36892	-6.78946	-4.36892
6.77592	4.37493	-6.77592	-4.37493
6.76234	4.38093	-6.76234	-4.38093
6.74873	4.3869	-6.74873	-4.3869
6.73509	4.39285	-6.73509	-4.39285
6.72142	4.39878	-6.72142	-4.39878
6.70771	4.40468	-6.70771	-4.40468
6.69397	4.41057	-6.69397	-4.41057
6.6802	4.41644	-6.6802	-4.41644
6.6664	4.42228	-6.6664	-4.42228
6.65256	4.4281	-6.65256	-4.4281
6.63869	4.4339	-6.63869	-4.4339
6.62479	4.43968	-6.62479	-4.43968
6.61086	4.44544	-6.61086	-4.44544
6.59689	4.45117	-6.59689	-4.45117
6.58289	4.45688	-6.58289	-4.45688
6.56886	4.46257	-6.56886	-4.46257
6.5548	4.46824	-6.5548	-4.46824
6.5407	4.47389	-6.5407	-4.47389
6.52657	4.47951	-6.52657	-4.47951
6.5124	4.48511	-6.5124	-4.48511
6.49821	4.49069	-6.49821	-4.49069
6.48398	4.49625	-6.48398	-4.49625
6.46972	4.50178	-6.46972	-4.50178
6.45542	4.50729	-6.45542	-4.50729
6.44109	4.51277	-6.44109	-4.51277
6.42673	4.51824	-6.42673	-4.51824
6.41233	4.52368	-6.41233	-4.52368
6.39791	4.52909	-6.39791	-4.52909
6.38345	4.53449	-6.38345	-4.53449
6.36895	4.53986	-6.36895	-4.53986
6.35442	4.5452	-6.35442	-4.5452
6.33986	4.55052	-6.33986	-4.55052
6.32527	4.55582	-6.32527	-4.55582
6.31064	4.5611	-6.31064	-4.5611
6.29598	4.56635	-6.29598	-4.56635
6.28128	4.57157	-6.28128	-4.57157
6.26656	4.57677	-6.26656	-4.57677
6.25179	4.58195	-6.25179	-4.58195
6.237	4.5871	-6.237	-4.5871
6.22217	4.59223	-6.22217	-4.59223
6.20731	4.59733	-6.20731	-4.59733
6.19241	4.60241	-6.19241	-4.60241
6.17748	4.60746	-6.17748	-4.60746
6.16252	4.61249	-6.16252	-4.61249
6.14752	4.61749	-6.14752	-4.61749
6.13249	4.62247	-6.13249	-4.62247
6.11743	4.62742	-6.11743	-4.62742
6.10233	4.63234	-6.10233	-4.63234
6.08719	4.63724	-6.08719	-4.63724
6.07203	4.64212	-6.07203	-4.64212
6.05683	4.64696	-6.05683	-4.64696
6.04159	4.65179	-6.04159	-4.65179
6.02632	4.65658	-6.02632	-4.65658
6.01102	4.66135	-6.01102	-4.66135
5.99568	4.66609	-5.99568	-4.66609
5.98031	4.67081	-5.98031	-4.67081
5.96491	4.6755	-5.96491	-4.6755
5.94947	4.68016	-5.94947	-4.68016
5.93399	4.6848	-5.93399	-4.6848
5.91848	4.6894	-5.91848	-4.6894
5.90294	4.69399	-5.90294	-4.69399
5.88736	4.69854	-5.88736	-4.69854
5.87175	4.70307	-5.87175	-4.70307
5.85611	4.70756	-5.85611	-4.70756
5.84042	4.71204	-5.84042	-4.71204
5.82471	4.71648	-5.82471	-4.71648
5.80896	4.72089	-5.80896	-4.72089
5.79318	4.72528	-5.79318	-4.72528
5.77736	4.72964	-5.77736	-4.72964
5.7615	4.73397	-5.7615	-4.73397
5.74561	4.73827	-5.74561	-4.73827
5.72969	4.74254	-5.72969	-4.74254
5.71373	4.74679	-5.71373	-4.74679
5.69774	4.751	-5.69774	-4.751
5.68171	4.75519	-5.68171	-4.75519
5.66565	4.75935	-5.66565	-4.75935
5.64955	4.76347	-5.64955	-4.76347
5.63342	4.76757	-5.63342	-4.76757
5.61725	4.77164	-5.61725	-4.77164
5.60105	4.77568	-5.60105	-4.77568
5.58481	4.77969	-5.58481	-4.77969
5.56854	4.78367	-5.56854	-4.78367
5.55223	4.78762	-5.55223	-4.78762
5.53589	4.79153	-5.53589	-4.79153
5.51951	4.79542	-5.51951	-4.79542
5.50309	4.79928	-5.50309	-4.79928
5.48664	4.8031	-5.48664	-4.8031
5.47016	4.8069	-5.47016	-4.8069
5.45364	4.81066	-5.45364	-4.81066
5.43708	4.8144	-5.43708	-4.8144
5.42049	4.8181	-5.42049	-4.8181
5.40387	4.82177	-5.40387	-4.82177
5.3872	4.8254	-5.3872	-4.8254
5.37051	4.82901	-5.37051	-4.82901
5.35377	4.83258	-5.35377	-4.83258
5.337	4.83613	-5.337	-4.83613
5.3202	4.83963	-5.3202	-4.83963
5.30336	4.84311	-5.30336	-4.84311
5.28648	4.84656	-5.28648	-4.84656
5.26957	4.84997	-5.26957	-4.84997
5.25262	4.85335	-5.25262	-4.85335
5.23564	4.85669	-5.23564	-4.85669
5.21862	4.86	-5.21862	-4.86
5.20156	4.86328	-5.20156	-4.86328
5.18447	4.86653	-5.18447	-4.86653
5.16734	4.86974	-5.16734	-4.86974
5.15018	4.87291	-5.15018	-4.87291
5.13298	4.87606	-5.13298	-4.87606
5.11574	4.87916	-5.11574	-4.87916
5.09847	4.88224	-5.09847	-4.88224
5.08116	4.88528	-5.08116	-4.88528
5.06381	4.88828	-5.06381	-4.88828
5.04643	4.89125	-5.04643	-4.89125
5.02902	4.89418	-5.02902	-4.89418
5.01156	4.89708	-5.01156	-4.89708
4.99407	4.89995	-4.99407	-4.89995
4.97654	4.90277	-4.97654	-4.90277
4.95898	4.90556	-4.95898	-4.90556
4.94138	4.90832	-4.94138	-4.90832
4.92374	4.91104	-4.92374	-4.91104
4.90607	4.91372	-4.90607	-4.91372
4.88836	4.91637	-4.88836	-4.91637
4.87061	4.91897	-4.87061	-4.91897
4.85283	4.92155	-4.85283	-4.92155
4.83501	4.92408	-4.83501	-4.92408
4.81715	4.92658	-4.81715	-4.92658
4.79926	4.92904	-4.79926	-4.92904
4.78133	4.93146	-4.78133	-4.93146
4.76336	4.93384	-4.76336	-4.93384
4.74536	4.93619	-4.74536	-4.93619
4.72732	4.93849	-4.72732	-4.93849
4.70924	4.94076	-4.70924	-4.94076
4.69113	4.94299	-4.69113	-4.94299
4.67297	4.94518	-4.67297	-4.94518
4.65478	4.94733	-4.65478	-4.94733
4.63656	4.94944	-4.63656	-4.94944
4.61829	4.95151	-4.61829	-4.95151
4.59999	4.95354	-4.59999	-4.95354
4.58166	4.95554	-4.58166	-4.95554
4.56328	4.95749	-4.56328	-4.95749
4.54487	4.9594	-4.54487	-4.9594
4.52642	4.96127	-4.52642	-4.96127
4.50793	4.9631	-4.50793	-4.9631
4.48941	4.96489	-4.48941	-4.96489
4.47084	4.96663	-4.47084	-4.96663
4.45224	4.96834	-4.45224	-4.96834
4.43361	4.97	-4.43361	-4.97
4.41493	4.97162	-4.41493	-4.97162
4.39622	4.9732	-4.39622	-4.9732
4.37747	4.97474	-4.37747	-4.97474
4.35868	4.97623	-4.35868	-4.97623
4.33986	4.97768	-4.33986	-4.97768
4.321	4.97909	-4.321	-4.97909
4.3021	4.98045	-4.3021	-4.98045
4.28316	4.98177	-4.28316	-4.98177
4.26418	4.98305	-4.26418	-4.98305
4.24517	4.98428	-4.24517	-4.98428
4.22612	4.98547	-4.22612	-4.98547
4.20703	4.98661	-4.20703	-4.98661
4.1879	4.98771	-4.1879	-4.98771
4.16874	4.98877	-4.16874	-4.98877
4.14953	4.98977	-4.14953	-4.98977
4.13029	4.99074	-4.13029	-4.99074
4.11101	4.99165	-4.11101	-4.99165
4.0917	4.99252	-4.0917	-4.99252
4.07234	4.99335	-4.07234	-4.99335
4.05295	4.99412	-4.05295	-4.99412
4.03352	4.99485	-4.03352	-4.99485
4.01405	4.99554	-4.01405	-4.99554
3.99454	4.99617	-3.99454	-4.99617
3.975	4.99676	-3.975	-4.99676
3.95541	4.9973	-3.95541	-4.9973
3.93579	4.99779	-3.93579	-4.99779
3.91613	4.99823	-3.91613	-4.99823
3.89643	4.99863	-3.89643	-4.99863
3.8767	4.99897	-3.8767	-4.99897
3.85692	4.99927	-3.85692	-4.99927
3.83711	4.99951	-3.83711	-4.99951
3.81726	4.99971	-3.81726	-4.99971
3.79737	4.99986	-3.79737	-4.99986
3.77744	4.99995	-3.77744	-4.99995
3.75747	5	-3.75747	-5
3.73747	4.99999	-3.73747	-4.99999
3.71743	4.99993	-3.71743	-4.99993
3.69734	4.99982	-3.69734	-4.99982
3.67722	4.99966	-3.67722	-4.99966
3.65707	4.99945	-3.65707	-4.99945
3.63687	4.99918	-3.63687	-4.99918
3.61663	4.99886	-3.61663	-4.99886
3.59636	4.99849	-3.59636	-4.99849
3.57605	4.99806	-3.57605	-4.99806
3.5557	4.99758	-3.5557	-4.99758
3.53531	4.99705	-3.53531	-4.99705
3.51488	4.99646	-3.51488	-4.99646
3.49441	4.99582	-3.49441	-4.99582
3.47391	4.99512	-3.47391	-4.99512
3.45336	4.99437	-3.45336	-4.99437
3.43278	4.99356	-3.43278	-4.99356
3.41216	4.99269	-3.41216	-4.99269
3.3915	4.99177	-3.3915	-4.99177
3.3708	4.99079	-3.3708	-4.99079
3.35007	4.98975	-3.35007	-4.98975
3.32929	4.98866	-3.32929	-4.98866
3.30848	4.98751	-3.30848	-4.98751
3.28762	4.9863	-3.28762	-4.9863
3.26673	4.98503	-3.26673	-4.98503
3.2458	4.9837	-3.2458	-4.9837
3.22484	4.98232	-3.22484	-4.98232
3.20383	4.98087	-3.20383	-4.98087
3.18278	4.97937	-3.18278	-4.97937
3.1617	4.9778	-3.1617	-4.9778
3.14058	4.97617	-3.14058	-4.97617
3.11942	4.97449	-3.11942	-4.97449
3.09822	4.97274	-3.09822	-4.97274
3.07698	4.97093	-3.07698	-4.97093
3.0557	4.96905	-3.0557	-4.96905
3.03439	4.96712	-3.03439	-4.96712
3.01303	4.96512	-3.01303	-4.96512
2.99164	4.96306	-2.99164	-4.96306
2.97021	4.96093	-2.97021	-4.96093
2.94874	4.95874	-2.94874	-4.95874
2.92724	4.95649	-2.92724	-4.95649
2.90569	4.95417	-2.90569	-4.95417
2.88411	4.95178	-2.88411	-4.95178
2.86249	4.94933	-2.86249	-4.94933
2.84083	4.94681	-2.84083	-4.94681
2.81913	4.94423	-2.81913	-4.94423
2.79739	4.94158	-2.79739	-4.94158
2.77562	4.93886	-2.77562	-4.93886
2.7538	4.93608	-2.7538	-4.93608
2.73195	4.93322	-2.73195	-4.93322
2.71006	4.9303	-2.71006	-4.9303
2.68813	4.92731	-2.68813	-4.92731
2.66617	4.92425	-2.66617	-4.92425
2.64417	4.92111	-2.64417	-4.92111
2.62212	4.91791	-2.62212	-4.91791
2.60004	4.91464	-2.60004	-4.91464
2.57793	4.91129	-2.57793	-4.91129
2.55577	4.90788	-2.55577	-4.90788
2.53358	4.90439	-2.53358	-4.90439
2.51135	4.90082	-2.51135	-4.90082
2.48908	4.89719	-2.48908	-4.89719
2.46678	4.89348	-2.46678	-4.89348
2.44443	4.8897	-2.44443	-4.8897
2.42205	4.88584	-2.42205	-4.88584
2.39964	4.8819	-2.39964	-4.8819
2.37718	4.87789	-2.37718	-4.87789
2.35469	4.87381	-2.35469	-4.87381
2.33216	4.86964	-2.33216	-4.86964
2.3096	4.8654	-2.3096	-4.8654
2.28699	4.86109	-2.28699	-4.86109
2.26435	4.85669	-2.26435	-4.85669
2.24168	4.85221	-2.24168	-4.85221
2.21896	4.84766	-2.21896	-4.84766
2.19621	4.84302	-2.19621	-4.84302
2.17343	4.83831	-2.17343	-4.83831
2.1506	4.83351	-2.1506	-4.83351
2.12774	4.82863	-2.12774	-4.82863
2.10485	4.82367	-2.10485	-4.82367
2.08192	4.81863	-2.08192	-4.81863
2.05895	4.8135	-2.05895	-4.8135
2.03595	4.80829	-2.03595	-4.80829
2.01291	4.803	-2.01291	-4.803
1.98983	4.79762	-1.98983	-4.79762
1.96672	4.79215	-1.96672	-4.79215
1.94358	4.7866	-1.94358	-4.7866
1.92039	4.78097	-1.92039	-4.78097
1.89718	4.77524	-1.89718	-4.77524
1.87393	4.76943	-1.87393	-4.76943
1.85064	4.76352	-1.85064	-4.76352
1.82732	4.75753	-1.82732	-4.75753
1.80397	4.75145	-1.80397	-4.75145
1.78058	4.74528	-1.78058	-4.74528
1.75715	4.73902	-1.75715	-4.73902
1.7337	4.73266	-1.7337	-4.73266
1.7102	4.72622	-1.7102	-4.72622
1.68668	4.71968	-1.68668	-4.71968
1.66312	4.71304	-1.66312	-4.71304
1.63953	4.70631	-1.63953	-4.70631
1.6159	4.69949	-1.6159	-4.69949
1.59225	4.69257	-1.59225	-4.69257
1.56856	4.68556	-1.56856	-4.68556
1.54483	4.67844	-1.54483	-4.67844
1.52108	4.67123	-1.52108	-4.67123
1.49729	4.66392	-1.49729	-4.66392
1.47347	4.65652	-1.47347	-4.65652
1.44962	4.64901	-1.44962	-4.64901
1.42574	4.6414	-1.42574	-4.6414
1.40182	4.63369	-1.40182	-4.63369
1.37788	4.62588	-1.37788	-4.62588
1.3539	4.61796	-1.3539	-4.61796
1.3299	4.60994	-1.3299	-4.60994
1.30586	4.60182	-1.30586	-4.60182
1.2818	4.59359	-1.2818	-4.59359
1.2577	4.58526	-1.2577	-4.58526
1.23358	4.57682	-1.23358	-4.57682
1.20943	4.56827	-1.20943	-4.56827
1.18524	4.55962	-1.18524	-4.55962
1.16103	4.55085	-1.16103	-4.55085
1.1368	4.54198	-1.1368	-4.54198
1.11253	4.53299	-1.11253	-4.53299
1.08824	4.52389	-1.08824	-4.52389
1.06392	4.51468	-1.06392	-4.51468
1.03957	4.50536	-1.03957	-4.50536
1.0152	4.49593	-1.0152	-4.49593
0.990799	4.48637	-0.990799	-4.48637
0.966375	4.47671	-0.966375	-4.47671
0.941925	4.46692	-0.941925	-4.46692
0.917451	4.45702	-0.917451	-4.45702
0.892952	4.44701	-0.892952	-4.44701
0.868429	4.43687	-0.868429	-4.43687
0.843883	4.42661	-0.843883	-4.42661
0.819314	4.41623	-0.819314	-4.41623
0.794722	4.40573	-0.794722	-4.40573
0.770108	4.39511	-0.770108	-4.39511
0.745473	4.38436	-0.745473	-4.38436
0.720816	4.37349	-0.720816	-4.37349
0.696138	4.36249	-0.696138	-4.36249
0.671441	4.35137	-0.671441	-4.35137
0.646723	4.34011	-0.646723	-4.34011
0.621987	4.32873	-0.621987	-4.32873
0.597232	4.31723	-0.597232	-4.31723
0.572459	4.30559	-0.572459	-4.30559
0.547668	4.29381	-0.547668	-4.29381
0.522861	4.28191	-0.522861	-4.28191
0.498037	4.26987	-0.498037	-4.26987
0.473198	4.2577	-0.473198	-4.2577
0.448343	4.2454	-0.448343	-4.2454
0.423474	4.23295	-0.423474	-4.23295
0.398592	4.22037	-0.398592	-4.22037
0.373696	4.20766	-0.373696	-4.20766
0.348788	4.1948	-0.348788	-4.1948
0.323868	4.1818	-0.323868	-4.1818
0.298938	4.16866	-0.298938	-4.16866
0.273997	4.15537	-0.273997	-4.15537
0.249046	4.14195	-0.249046	-4.14195
0.224087	4.12838	-0.224087	-4.12838
0.19912	4.11466	-0.19912	-4.11466
0.174146	4.10079	-0.174146	-4.10079
0.149165	4.08678	-0.149165	-4.08678
0.124179	4.07261	-0.124179	-4.07261
0.0991888	4.0583	-0.0991888	-4.0583
0.0741945	4.04384	-0.0741945	-4.04384
0.0491975	4.02922	-0.0491975	-4.02922
0.0241986	4.01445	-0.0241986	-4.01445
-0.000801284	3.99952	0.000801284	-3.99952
-0.0258011	3.98444	0.0258011	-3.98444
-0.0507999	3.96919	0.0507999	-3.96919
-0.0757967	3.9538	0.0757967	-3.9538
-0.10079	3.93824	0.10079	-3.93824
-0.12578	3.92252	0.12578	-3.92252
-0.150764	3.90663	0.150764	-3.90663
-0.175742	3.89059	0.175742	-3.89059
-0.200713	3.87438	0.200713	-3.87438
-0.225675	3.858	0.225675	-3.858
-0.250627	3.84146	0.250627	-3.84146
-0.275569	3.82474	0.275569	-3.82474
-0.300498	3.80786	0.300498	-3.80786
-0.325413	3.79081	0.325413	-3.79081
-0.350314	3.77359	0.350314	-3.77359
-0.375199	3.75619	0.375199	-3.75619
-0.400066	3.73862	0.400066	-3.73862
-0.424914	3.72087	0.424914	-3.72087
-0.449743	3.70294	0.449743	-3.70294
-0.474549	3.68484	0.474549	-3.68484
-0.499333	3.66656	0.499333	-3.66656
-0.524091	3.64809	0.524091	-3.64809
-0.548824	3.62945	0.548824	-3.62945
-0.573529	3.61062	0.573529	-3.61062
-0.598204	3.5916	0.598204	-3.5916
-0.622849	3.5724	0.622849	-3.5724
-0.647461	3.55301	0.647461	-3.55301
-0.672038	3.53344	0.672038	-3.53344
-0.69658	3.51367	0.69658	-3.51367
-0.721083	3.49371	0.721083	-3.49371
-0.745547	3.47356	0.745547	-3.47356
-0.769969	3.45322	0.769969	-3.45322
-0.794348	3.43268	0.794348	-3.43268
-0.818681	3.41195	0.818681	-3.41195
-0.842967	3.39101	0.842967	-3.39101
-0.867204	3.36988	0.867204	-3.36988
-0.891389	3.34855	0.891389	-3.34855
-0.91552	3.32702	0.91552	-3.32702
-0.939596	3.30529	0.939596	-3.30529
-0.963614	3.28335	0.963614	-3.28335
-0.987572	3.26121	0.987572	-3.26121
-1.01147	3.23886	1.01147	-3.23886
-1.0353	3.2163	1.0353	-3.2163
-1.05906	3.19354	1.05906	-3.19354
-1.08276	3.17056	1.08276	-3.17056
-1.10638	3.14738	1.10638	-3.14738
-1.12993	3.12398	1.12993	-3.12398
-1.1534	3.10037	1.1534	-3.10037
-1.17679	3.07655	1.17679	-3.07655
-1.20009	3.05251	1.20009	-3.05251
-1.22332	3.02825	1.22332	-3.02825
-1.24645	3.00378	1.24645	-3.00378
-1.2695	2.97909	1.2695	-2.97909
-1.29245	2.95418	1.29245	-2.95418
-1.31531	2.92905	1.31531	-2.92905
-1.33806	2.90369	1.33806	-2.90369
-1.36072	2.87812	1.36072	-2.87812
-1.38326	2.85232	1.38326	-2.85232
-1.4057	2.8263	1.4057	-2.8263
-1.42803	2.80006	1.42803	-2.80006
-1.45024	2.77359	1.45024	-2.77359
-1.47234	2.74689	1.47234	-2.74689
-1.49431	2.71996	1.49431	-2.71996
-1.51616	2.69281	1.51616	-2.69281
-1.53788	2.66543	1.53788	-2.66543
-1.55947	2.63782	1.55947	-2.63782
-1.58092	2.60999	1.58092	-2.60999
-1.60223	2.58192	1.60223	-2.58192
-1.6234	2.55362	1.6234	-2.55362
-1.64443	2.5251	1.64443	-2.5251
-1.6653	2.49634	1.6653	-2.49634
-1.68602	2.46735	1.68602	-2.46735
-1.70658	2.43813	1.70658	-2.43813
-1.72698	2.40868	1.72698	-2.40868
-1.74721	2.37899	1.74721	-2.37899
-1.76728	2.34908	1.76728	-2.34908
-1.78717	2.31893	1.78717	-2.31893
-1.80688	2.28856	1.80688	-2.28856
-1.82641	2.25795	1.82641	-2.25795
-1.84575	2.22711	1.84575	-2.22711
-1.86491	2.19605	1.86491	-2.19605
-1.88386	2.16475	1.88386	-2.16475
-1.90262	2.13322	1.90262	-2.13322
-1.92118	2.10147	1.92118	-2.10147
-1.93952	2.06949	1.93952	-2.06949
-1.95766	2.03728	1.95766	-2.03728
-1.97557	2.00484	1.97557	-2.00484
-1.99327	1.97218	1.99327	-1.97218
-2.01074	1.9393	2.01074	-1.9393
-2.02798	1.90619	2.02798	-1.90619
-2.04498	1.87287	2.04498	-1.87287
-2.06175	1.83932	2.06175	-1.83932
-2.07827	1.80556	2.07827	-1.80556
-2.09454	1.77158	2.09454	-1.77158
-2.11055	1.73738	2.11055	-1.73738
-2.12631	1.70297	2.12631	-1.70297
-2.14181	1.66836	2.14181	-1.66836
-2.15704	1.63353	2.15704	-1.63353
-2.17199	1.5985	2.17199	-1.5985
-2.18667	1.56326	2.18667	-1.56326
-2.20107	1.52782	2.20107	-1.52782
-2.21518	1.49219	2.21518	-1.49219
-2.229	1.45636	2.229	-1.45636
-2.24253	1.42033	2.24253	-1.42033
-2.25576	1.38412	2.25576	-1.38412
-2.26868	1.34772	2.26868	-1.34772
-2.28129	1.31113	2.28129	-1.31113
-2.29359	1.27437	2.29359	-1.27437
-2.30557	1.23743	2.30557	-1.23743
-2.31723	1.20031	2.31723	-1.20031
-2.32857	1.16303	2.32857	-1.16303
-2.33957	1.12558	2.33957	-1.12558
-2.35024	1.08797	2.35024	-1.08797
-2.36058	1.05021	2.36058	-1.05021
-2.37057	1.01229	2.37057	-1.01229
-2.38021	0.974228	2.38021	-0.974228
-2.38951	0.93602	2.38951	-0.93602
-2.39845	0.897674	2.39845	-0.897674
-2.40703	0.859194	2.40703	-0.859194
-2.41526	0.820586	2.41526	-0.820586
-2.42312	0.781854	2.42312	-0.781854
-2.43061	0.743003	2.43061	-0.743003
-2.43773	0.704039	2.43773	-0.704039
-2.44448	0.664968	2.44448	-0.664968
-2.45085	0.625795	2.45085	-0.625795
-2.45685	0.586524	2.45685	-0.586524
-2.46246	0.547163	2.46246	-0.547163
-2.46769	0.507717	2.46769	-0.507717
-2.47254	0.468191	2.47254	-0.468191
-2.477	0.428592	2.477	-0.428592
-2.48106	0.388925	2.48106	-0.388925
-2.48474	0.349197	2.48474	-0.349197
-2.48802	0.309414	2.48802	-0.309414
-2.49091	0.269581	2.49091	-0.269581
-2.4934	0.229706	2.4934	-0.229706
-2.4955	0.189794	2.4955	-0.189794
-2.49719	0.149852	2.49719	-0.149852
-2.49849	0.109886	2.49849	-0.109886
-2.49939	0.0699025	2.49939	-0.0699025
-2.49989	0.0299077	2.49989	-0.0299077
-2.49999	-0.0100918	2.49999	0.0100918
-2.49969	-0.0500897	2.49969	0.0500897
-2.49899	-0.0900796	2.49899	0.0900796
-2.49789	-0.130055	2.49789	0.130055
-2.49639	-0.17001	2.49639	0.17001
-2.49449	-0.209937	2.49449	0.209937
-2.49219	-0.249832	2.49219	0.249832
-2.4895	-0.289686	2.4895	0.289686
-2.48641	-0.329494	2.48641	0.329494
-2.48293	-0.369251	2.48293	0.369251
-2.47906	-0.408949	2.47906	0.408949
-2.4748	-0.448582	2.4748	0.448582
-2.47014	-0.488145	2.47014	0.488145
-2.4651	-0.527631	2.4651	0.527631
-2.45968	-0.567035	2.45968	0.567035
-2.45387	-0.606351	2.45387	0.606351
-2.44769	-0.645574	2.44769	0.645574
-2.44112	-0.684696	2.44112	0.684696
-2.43418	-0.723714	2.43418	0.723714
-2.42687	-0.762621	2.42687	0.762621
-2.41919	-0.801412	2.41919	0.801412
-2.41115	-0.840083	2.41115	0.840083
-2.40275	-0.878627	2.40275	0.878627
-2.39398	-0.91704	2.39398	0.91704
-2.38486	-0.955317	2.38486	0.955317
-2.37539	-0.993453	2.37539	0.993453
-2.36557	-1.03144	2.36557	1.03144
-2.35541	-1.06928	2.35541	1.06928
-2.3449	-1.10697	2.3449	1.10697
-2.33406	-1.1445	2.33406	1.1445
-2.32289	-1.18186	2.32289	1.18186
-2.31139	-1.21906	2.31139	1.21906
-2.29957	-1.25609	2.29957	1.25609
-2.28742	-1.29294	2.28742	1.29294
-2.27496	-1.32961	2.27496	1.32961
-2.2622	-1.36611	2.2622	1.36611
-2.24912	-1.40241	2.24912	1.40241
-2.23574	-1.43853	2.23574	1.43853
-2.22207	-1.47446	2.22207	1.47446
-2.2081	-1.51019	2.2081	1.51019
-2.19384	-1.54573	2.19384	1.54573
-2.1793	-1.58107	2.1793	1.58107
-2.16448	-1.6162	2.16448	1.6162
-2.14939	-1.65113	2.14939	1.65113
-2.13402	-1.68585	2.13402	1.68585
-2.11839	-1.72036	2.11839	1.72036
-2.1025	-1.75466	2.1025	1.75466
-2.08636	-1.78875	2.08636	1.78875
-2.06996	-1.82262	2.06996	1.82262
-2.05332	-1.85628	2.05332	1.85628
-2.03643	-1.88971	2.03643	1.88971
-2.01931	-1.92293	2.01931	1.92293
-2.00195	-1.95592	2.00195	1.95592
-1.98437	-1.98869	1.98437	1.98869
-1.96656	-2.02124	1.96656	2.02124
-1.94853	-2.05356	1.94853	2.05356
-1.93029	-2.08565	1.93029	2.08565
-1.91184	-2.11752	1.91184	2.11752
-1.89318	-2.14916	1.89318	2.14916
-1.87432	-2.18057	1.87432	2.18057
-1.85527	-2.21175	1.85527	2.21175
-1.83602	-2.2427	1.83602	2.2427
-1.81658	-2.27342	1.81658	2.27342
-1.79696	-2.30391	1.79696	2.30391
-1.77715	-2.33417	1.77715	2.33417
-1.75718	-2.3642	1.75718	2.3642
-1.73703	-2.394	1.73703	2.394
-1.71671	-2.42357	1.71671	2.42357
-1.69623	-2.4529	1.69623	2.4529
-1.67558	-2.482	1.67558	2.482
-1.65479	-2.51088	1.65479	2.51088
-1.63384	-2.53952	1.63384	2.53952
-1.61274	-2.56793	1.61274	2.56793
-1.5915	-2.59611	1.5915	2.59611
-1.57011	-2.62406	1.57011	2.62406
-1.54859	-2.65178	1.54859	2.65178
-1.52694	-2.67928	1.52694	2.67928
-1.50515	-2.70654	1.50515	2.70654
-1.48324	-2.73358	1.48324	2.73358
-1.4612	-2.76039	1.4612	2.76039
-1.43905	-2.78697	1.43905	2.78697
-1.41678	-2.81333	1.41678	2.81333
-1.39439	-2.83946	1.39439	2.83946
-1.3719	-2.86537	1.3719	2.86537
-1.3493	-2.89105	1.3493	2.89105
-1.32659	-2.91651	1.32659	2.91651
-1.30379	-2.94175	1.30379	2.94175
-1.28088	-2.96677	1.28088	2.96677
-1.25788	-2.99157	1.25788	2.99157
-1.23479	-3.01615	1.23479	3.01615
-1.21161	-3.04052	1.21161	3.04052
-1.18834	-3.06466	1.18834	3.06466
-1.16499	-3.08859	1.16499	3.08859
-1.14156	-3.11231	1.14156	3.11231
-1.11805	-3.13581	1.11805	3.13581
-1.09447	-3.1591	1.09447	3.1591
-1.07081	-3.18218	1.07081	3.18218
-1.04708	-3.20505	1.04708	3.20505
-1.02328	-3.22771	1.02328	3.22771
-0.999418	-3.25016	0.999418	3.25016
-0.975491	-3.2724	0.975491	3.2724
-0.951502	-3.29444	0.951502	3.29444
-0.927455	-3.31628	0.927455	3.31628
-0.903351	-3.33791	0.903351	3.33791
-0.879192	-3.35934	0.879192	3.35934
-0.85498	-3.38057	0.85498	3.38057
-0.830719	-3.4016	0.830719	3.4016
-0.806408	-3.42243	0.806408	3.42243
-0.782052	-3.44307	0.782052	3.44307
-0.757651	-3.46351	0.757651	3.46351
-0.733208	-3.48375	0.733208	3.48375
-0.708724	-3.50381	0.708724	3.50381
-0.684201	-3.52367	0.684201	3.52367
-0.659641	-3.54334	0.659641	3.54334
-0.635046	-3.56282	0.635046	3.56282
-0.610417	-3.58211	0.610417	3.58211
-0.585757	-3.60122	0.585757	3.60122
-0.561066	-3.62014	0.561066	3.62014
-0.536347	-3.63888	0.536347	3.63888
-0.511601	-3.65743	0.511601	3.65743
-0.48683	-3.6758	0.48683	3.6758
-0.462035	-3.694	0.462035	3.694
-0.437217	-3.71201	0.437217	3.71201
-0.412378	-3.72985	0.412378	3.72985
-0.38752	-3.7475	0.38752	3.7475
-0.362644	-3.76499	0.362644	3.76499
-0.337751	-3.7823	0.337751	3.7823
-0.312843	-3.79944	0.312843	3.79944
-0.28792	-3.8164	0.28792	3.8164
-0.262985	-3.8332	0.262985	3.8332
-0.238038	-3.84983	0.238038	3.84983
-0.213081	-3.86628	0.213081	3.86628
-0.188114	-3.88258	0.188114	3.88258
-0.16314	-3.8987	0.16314	3.8987
-0.138158	-3.91467	0.138158	3.91467
-0.113171	-3.93047	0.113171	3.93047
-0.0881792	-3.94611	0.0881792	3.94611
-0.0631838	-3.96159	0.0631838	3.96159
-0.0381859	-3.97691	0.0381859	3.97691
-0.0131865	-3.99207	0.0131865	3.99207
0.0118135	-4.00707	-0.0118135	4.00707
0.036813	-4.02192	-0.036813	4.02192
0.0618111	-4.03661	-0.0618111	4.03661
0.0868068	-4.05115	-0.0868068	4.05115
0.111799	-4.06554	-0.111799	4.06554
0.136788	-4.07978	-0.136788	4.07978
0.161771	-4.09387	-0.161771	4.09387
0.186748	-4.10781	-0.186748	4.10781
0.211719	-4.1216	-0.211719	4.1216
0.236682	-4.13524	-0.236682	4.13524
0.261637	-4.14874	-0.261637	4.14874
0.286583	-4.16209	-0.286583	4.16209
0.311519	-4.17531	-0.311519	4.17531
0.336444	-4.18838	-0.336444	4.18838
0.361358	-4.2013	-0.361358	4.2013
0.38626	-4.21409	-0.38626	4.21409
0.411149	-4.22674	-0.411149	4.22674
0.436025	-4.23925	-0.436025	4.23925
0.460886	-4.25162	-0.460886	4.25162
0.485733	-4.26386	-0.485733	4.26386
0.510565	-4.27597	-0.510565	4.27597
0.53538	-4.28793	-0.53538	4.28793
0.560179	-4.29977	-0.560179	4.29977
0.584961	-4.31148	-0.584961	4.31148
0.609725	-4.32305	-0.609725	4.32305
0.634471	-4.33449	-0.634471	4.33449
0.659198	-4.34581	-0.659198	4.34581
0.683905	-4.35699	-0.683905	4.35699
0.708593	-4.36805	-0.708593	4.36805
0.73326	-4.37899	-0.73326	4.37899
0.757906	-4.3898	-0.757906	4.3898
0.782531	-4.40048	-0.782531	4.40048
0.807134	-4.41104	-0.807134	4.41104
0.831714	-4.42148	-0.831714	4.42148
0.856272	-4.4318	-0.856272	4.4318
0.880806	-4.442	-0.880806	4.442
0.905317	-4.45208	-0.905317	4.45208
0.929803	-4.46203	-0.929803	4.46203
0.954265	-4.47188	-0.954265	4.47188
0.978702	-4.4816	-0.978702	4.4816
1.00311	-4.49121	-1.00311	4.49121
1.0275	-4.5007	-1.0275	4.5007
1.05186	-4.51008	-1.05186	4.51008
1.07619	-4.51935	-1.07619	4.51935
1.1005	-4.5285	-1.1005	4.5285
1.12478	-4.53754	-1.12478	4.53754
1.14903	-4.54647	-1.14903	4.54647
1.17325	-4.55529	-1.17325	4.55529
1.19745	-4.564	-1.19745	4.564
1.22162	-4.5726	-1.22162	4.5726
1.24576	-4.58109	-1.24576	4.58109
1.26987	-4.58948	-1.26987	4.58948
1.29395	-4.59776	-1.29395	4.59776
1.318	-4.60593	-1.318	4.60593
1.34202	-4.614	-1.34202	4.614
1.36601	-4.62197	-1.36601	4.62197
1.38997	-4.62983	-1.38997	4.62983
1.41389	-4.63759	-1.41389	4.63759
1.43779	-4.64525	-1.43779	4.64525
1.46166	-4.65281	-1.46166	4.65281
1.48549	-4.66027	-1.48549	4.66027
1.5093	-4.66762	-1.5093	4.66762
1.53307	-4.67488	-1.53307	4.67488
1.55681	-4.68204	-1.55681	4.68204
1.58051	-4.68911	-1.58051	4.68911
1.60419	-4.69607	-1.60419	4.69607
1.62783	-4.70294	-1.62783	4.70294
1.65144	-4.70972	-1.65144	4.70972
1.67501	-4.7164	-1.67501	4.7164
1.69855	-4.72299	-1.69855	4.72299
1.72206	-4.72948	-1.72206	4.72948
1.74554	-4.73588	-1.74554	4.73588
1.76898	-4.74219	-1.76898	4.74219
1.79238	-4.74841	-1.79238	4.74841
1.81576	-4.75453	-1.81576	4.75453
1.83909	-4.76057	-1.83909	4.76057
1.8624	-4.76651	-1.8624	4.76651
1.88566	-4.77237	-1.88566	4.77237
1.9089	-4.77814	-1.9089	4.77814
1.9321	-4.78382	-1.9321	4.78382
1.95526	-4.78942	-1.95526	4.78942
1.97839	-4.79492	-1.97839	4.79492
2.00148	-4.80034	-2.00148	4.80034
2.02454	-4.80568	-2.02454	4.80568
2.04756	-4.81093	-2.04756	4.81093
2.07054	-4.8161	-2.07054	4.8161
2.09349	-4.82119	-2.09349	4.82119
2.11641	-4.82619	-2.11641	4.82619
2.13928	-4.83111	-2.13928	4.83111
2.16212	-4.83594	-2.16212	4.83594
2.18493	-4.8407	-2.18493	4.8407
2.2077	-4.84537	-2.2077	4.84537
2.23043	-4.84997	-2.23043	4.84997
2.25312	-4.85448	-2.25312	4.85448
2.27578	-4.85892	-2.27578	4.85892
2.2984	-4.86327	-2.2984	4.86327
2.32099	-4.86755	-2.32099	4.86755
2.34353	-4.87175	-2.34353	4.87175
2.36604	-4.87588	-2.36604	4.87588
2.38852	-4.87993	-2.38852	4.87993
2.41095	-4.8839	-2.41095	4.8839
2.43335	-4.88779	-2.43335	4.88779
2.45571	-4.89161	-2.45571	4.89161
2.47804	-4.89536	-2.47804	4.89536
2.50032	-4.89903	-2.50032	4.89903
2.52257	-4.90263	-2.52257	4.90263
2.54478	-4.90616	-2.54478	4.90616
2.56696	-4.90961	-2.56696	4.90961
2.58909	-4.91299	-2.58909	4.91299
2.61119	-4.9163	-2.61119	4.9163
2.63325	-4.91954	-2.63325	4.91954
2.65527	-4.9227	-2.65527	4.9227
2.67726	-4.9258	-2.67726	4.9258
2.6992	-4.92883	-2.6992	4.92883
2.72111	-4.93178	-2.72111	4.93178
2.74298	-4.93467	-2.74298	4.93467
2.76481	-4.93749	-2.76481	4.93749
2.78661	-4.94024	-2.78661	4.94024
2.80836	-4.94293	-2.80836	4.94293
2.83008	-4.94554	-2.83008	4.94554
2.85176	-4.94809	-2.85176	4.94809
2.8734	-4.95058	-2.8734	4.95058
2.895	-4.95299	-2.895	4.95299
2.91657	-4.95535	-2.91657	4.95535
2.93809	-4.95763	-2.93809	4.95763
2.95958	-4.95985	-2.95958	4.95985
2.98103	-4.96201	-2.98103	4.96201
3.00244	-4.96411	-3.00244	4.96411
3.02381	-4.96614	-3.02381	4.96614
3.04515	-4.9681	-3.04515	4.9681
3.06644	-4.97001	-3.06644	4.97001
3.0877	-4.97185	-3.0877	4.97185
3.10892	-4.97363	-3.10892	4.97363
3.1301	-4.97535	-3.1301	4.97535
3.15124	-4.977	-3.15124	4.977
3.17234	-4.9786	-3.17234	4.9786
3.19341	-4.98013	-3.19341	4.98013
3.21443	-4.98161	-3.21443	4.98161
3.23542	-4.98302	-3.23542	4.98302
3.25637	-4.98438	-3.25637	4.98438
3.27728	-4.98568	-3.27728	4.98568
3.29815	-4.98692	-3.29815	4.98692
3.31898	-4.9881	-3.31898	4.9881
3.33978	-4.98922	-3.33978	4.98922
3.36053	-4.99028	-3.36053	4.99028
3.38125	-4.99129	-3.38125	4.99129
3.40193	-4.99224	-3.40193	4.99224
3.42257	-4.99313	-3.42257	4.99313
3.44317	-4.99397	-3.44317	4.99397
3.46373	-4.99475	-3.46373	4.99475
3.48426	-4.99548	-3.48426	4.99548
3.50474	-4.99615	-3.50474	4.99615
3.52519	-4.99676	-3.52519	4.99676
3.5456	-4.99733	-3.5456	4.99733
3.56597	-4.99783	-3.56597	4.99783
3.5863	-4.99828	-3.5863	4.99828
3.60659	-4.99868	-3.60659	4.99868
3.62685	-4.99903	-3.62685	4.99903
3.64706	-4.99932	-3.64706	4.99932
3.66724	-4.99956	-3.66724	4.99956
3.68738	-4.99975	-3.68738	4.99975
3.70748	-4.99988	-3.70748	4.99988
3.72754	-4.99997	-3.72754	4.99997
3.74757	-5	-3.74757	5
3.76755	-4.99998	-3.76755	4.99998
3.7875	-4.99991	-3.7875	4.99991
3.80741	-4.99979	-3.80741	4.99979
3.82728	-4.99962	-3.82728	4.99962
3.84711	-4.9994	-3.84711	4.9994
3.86691	-4.99913	-3.86691	4.99913
3.88666	-4.9988	-3.88666	4.9988
3.90638	-4.99843	-3.90638	4.99843
3.92606	-4.99802	-3.92606	4.99802
3.9457	-4.99755	-3.9457	4.99755
3.9653	-4.99703	-3.9653	4.99703
3.98486	-4.99647	-3.98486	4.99647
4.00439	-4.99586	-4.00439	4.99586
4.02388	-4.9952	-4.02388	4.9952
4.04333	-4.99449	-4.04333	4.99449
4.06274	-4.99374	-4.06274	4.99374
4.08211	-4.99294	-4.08211	4.99294
4.10145	-4.99209	-4.10145	4.99209
4.12075	-4.9912	-4.12075	4.9912
4.14001	-4.99026	-4.14001	4.99026
4.15923	-4.98927	-4.15923	4.98927
4.17841	-4.98824	-4.17841	4.98824
4.19756	-4.98716	-4.19756	4.98716
4.21667	-4.98604	-4.21667	4.98604
4.23574	-4.98488	-4.23574	4.98488
4.25477	-4.98367	-4.25477	4.98367
4.27376	-4.98241	-4.27376	4.98241
4.29272	-4.98111	-4.29272	4.98111
4.31164	-4.97977	-4.31164	4.97977
4.33052	-4.97839	-4.33052	4.97839
4.34936	-4.97696	-4.34936	4.97696
4.36817	-4.97548	-4.36817	4.97548
4.38694	-4.97397	-4.38694	4.97397
4.40567	-4.97241	-4.40567	4.97241
4.42436	-4.97081	-4.42436	4.97081
4.44302	-4.96917	-4.44302	4.96917
4.46163	-4.96748	-4.46163	4.96748
4.48022	-4.96576	-4.48022	4.96576
4.49876	-4.96399	-4.49876	4.96399
4.51726	-4.96218	-4.51726	4.96218
4.53573	-4.96033	-4.53573	4.96033
4.55416	-4.95844	-4.55416	4.95844
4.57256	-4.95651	-4.57256	4.95651
4.59091	-4.95454	-4.59091	4.95454
4.60923	-4.95252	-4.60923	4.95252
4.62751	-4.95047	-4.62751	4.95047
4.64576	-4.94838	-4.64576	4.94838
4.66397	-4.94625	-4.66397	4.94625
4.68214	-4.94408	-4.68214	4.94408
4.70027	-4.94187	-4.70027	4.94187
4.71837	-4.93962	-4.71837	4.93962
4.73643	-4.93733	-4.73643	4.93733
4.75445	-4.93501	-4.75445	4.93501
4.77243	-4.93264	-4.77243	4.93264
4.79038	-4.93024	-4.79038	4.93024
4.80829	-4.9278	-4.80829	4.9278
4.82617	-4.92532	-4.82617	4.92532
4.84401	-4.92281	-4.84401	4.92281
4.86181	-4.92025	-4.86181	4.92025
4.87957	-4.91766	-4.87957	4.91766
4.8973	-4.91503	-4.8973	4.91503
4.91499	-4.91237	-4.91499	4.91237
4.93265	-4.90967	-4.93265	4.90967
4.95027	-4.90693	-4.95027	4.90693
4.96785	-4.90416	-4.96785	4.90416
4.98539	-4.90135	-4.98539	4.90135
5.0029	-4.89851	-5.0029	4.89851
5.02037	-4.89562	-5.02037	4.89562
5.03781	-4.89271	-5.03781	4.89271
5.05521	-4.88976	-5.05521	4.88976
5.07257	-4.88677	-5.07257	4.88677
5.0899	-4.88375	-5.0899	4.88375
5.10719	-4.88069	-5.10719	4.88069
5.12444	-4.8776	-5.12444	4.8776
5.14166	-4.87447	-5.14166	4.87447
5.15884	-4.87131	-5.15884	4.87131
5.17599	-4.86812	-5.17599	4.86812
5.1931	-4.86489	-5.1931	4.86489
5.21017	-4.86163	-5.21017	4.86163
5.22721	-4.85834	-5.22721	4.85834
5.24421	-4.85501	-5.24421	4.85501
5.26118	-4.85165	-5.26118	4.85165
5.27811	-4.84825	-5.27811	4.84825
5.295	-4.84482	-5.295	4.84482
5.31186	-4.84136	-5.31186	4.84136
5.32868	-4.83787	-5.32868	4.83787
5.34547	-4.83434	-5.34547	4.83434
5.36222	-4.83078	-5.36222	4.83078
5.37894	-4.82719	-5.37894	4.82719
5.39562	-4.82357	-5.39562	4.82357
5.41226	-4.81992	-5.41226	4.81992
5.42887	-4.81623	-5.42887	4.81623
5.44544	-4.81252	-5.44544	4.81252
5.46198	-4.80877	-5.46198	4.80877
5.47848	-4.80499	-5.47848	4.80499
5.49495	-4.80118	-5.49495	4.80118
5.51138	-4.79734	-5.51138	4.79734
5.52778	-4.79346	-5.52778	4.79346
5.54414	-4.78956	-5.54414	4.78956
5.56046	-4.78563	-5.56046	4.78563
5.57675	-4.78166	-5.57675	4.78166
5.59301	-4.77767	-5.59301	4.77767
5.60923	-4.77365	-5.60923	4.77365
5.62541	-4.76959	-5.62541	4.76959
5.64156	-4.76551	-5.64156	4.76551
5.65768	-4.7614	-5.65768	4.7614
5.67376	-4.75725	-5.67376	4.75725
5.6898	-4.75308	-5.6898	4.75308
5.70581	-4.74888	-5.70581	4.74888
5.72179	-4.74465	-5.72179	4.74465
5.73773	-4.74039	-5.73773	4.74039
5.75364	-4.7361	-5.75364	4.7361
5.76951	-4.73179	-5.76951	4.73179
5.78534	-4.72744	-5.78534	4.72744
5.80114	-4.72307	-5.80114	4.72307
5.81691	-4.71867	-5.81691	4.71867
5.83264	-4.71424	-5.83264	4.71424
5.84834	-4.70978	-5.84834	4.70978
5.864	-4.7053	-5.864	4.7053
5.87963	-4.70079	-5.87963	4.70079
5.89523	-4.69625	-5.89523	4.69625
5.91079	-4.69168	-5.91079	4.69168
5.92631	-4.68708	-5.92631	4.68708
5.9418	-4.68246	-5.9418	4.68246
5.95726	-4.67781	-5.95726	4.67781
5.97268	-4.67314	-5.97268	4.67314
5.98807	-4.66843	-5.98807	4.66843
6.00343	-4.6637	-6.00343	4.6637
6.01875	-4.65895	-6.01875	4.65895
6.03403	-4.65416	-6.03403	4.65416
6.04928	-4.64936	-6.04928	4.64936
6.0645	-4.64452	-6.0645	4.64452
6.07968	-4.63966	-6.07968	4.63966
6.09483	-4.63477	-6.09483	4.63477
6.10995	-4.62986	-6.10995	4.62986
6.12503	-4.62492	-6.12503	4.62492
6.14008	-4.61996	-6.14008	4.61996
6.15509	-4.61497	-6.15509	4.61497
6.17007	-4.60995	-6.17007	4.60995
6.18502	-4.60491	-6.18502	4.60491
6.19993	-4.59985	-6.19993	4.59985
6.21481	-4.59476	-6.21481	4.59476
6.22966	-4.58964	-6.22966	4.58964
6.24447	-4.5845	-6.24447	4.5845
6.25925	-4.57934	-6.25925	4.57934
6.27399	-4.57415	-6.27399	4.57415
6.2887	-4.56894	-6.2887	4.56894
6.30338	-4.5637	-6.30338	4.5637
6.31803	-4.55844	-6.31803	4.55844
6.33264	-4.55315	-6.33264	4.55315
6.34721	-4.54784	-6.34721	4.54784
6.36176	-4.54251	-6.36176	4.54251
6.37627	-4.53715	-6.37627	4.53715
6.39075	-4.53177	-6.39075	4.53177
6.40519	-4.52636	-6.40519	4.52636
6.4196	-4.52094	-6.4196	4.52094
6.43398	-4.51548	-6.43398	4.51548
6.44833	-4.51001	-6.44833	4.51001
6.46264	-4.50451	-6.46264	4.50451
6.47692	-4.49899	-6.47692	4.49899
6.49116	-4.49345	-6.49116	4.49345
6.50537	-4.48788	-6.50537	4.48788
6.51955	-4.48229	-6.51955	4.48229
6.5337	-4.47668	-6.5337	4.47668
6.54782	-4.47104	-6.54782	4.47104
6.5619	-4.46539	-6.5619	4.46539
6.57595	-4.45971	-6.57595	4.45971
6.58996	-4.454	-6.58996	4.454
6.60394	-4.44828	-6.60394	4.44828
6.61789	-4.44253	-6.61789	4.44253
6.63181	-4.43677	-6.63181	4.43677
6.6457	-4.43098	-6.6457	4.43098
6.65955	-4.42517	-6.65955	4.42517
6.67337	-4.41933	-6.67337	4.41933
6.68716	-4.41348	-6.68716	4.41348
6.70091	-4.4076	-6.70091	4.4076
6.71463	-4.40171	-6.71463	4.40171
6.72832	-4.39579	-6.72832	4.39579
6.74198	-4.38985	-6.74198	4.38985
6.75561	-4.38389	-6.75561	4.38389
6.7692	-4.3779	-6.7692	4.3779
6.78276	-4.3719	-6.78276	4.3719
6.79629	-4.36588	-6.79629	4.36588
6.80978	-4.35983	-6.80978	4.35983
6.82325	-4.35377	-6.82325	4.35377
6.83668	-4.34768	-6.83668	4.34768
6.85008	-4.34158	-6.85008	4.34158
6.86344	-4.33545	-6.86344	4.33545
6.87678	-4.3293	-6.87678	4.3293
6.89008	-4.32314	-6.89008	4.32314
6.90335	-4.31695	-6.90335	4.31695
6.91659	-4.31074	-6.91659	4.31074
6.9298	-4.30452	-6.9298	4.30452
6.94298	-4.29827	-6.94298	4.29827
6.95612	-4.29201	-6.95612	4.29201
6.96923	-4.28572	-6.96923	4.28572
6.98231	-4.27941	-6.98231	4.27941
6.99536	-4.27309	-6.99536	4.27309
7.00837	-4.26675	-7.00837	4.26675
7.02136	-4.26038	-7.02136	4.26038
7.03431	-4.254	-7.03431	4.254
7.04723	-4.2476	-7.04723	4.2476
7.06012	-4.24118	-7.06012	4.24118
7.07298	-4.23474	-7.07298	4.23474
7.08581	-4.22828	-7.08581	4.22828
7.0986	-4.2218	-7.0986	4.2218
7.11137	-4.2153	-7.11137	4.2153
7.1241	-4.20879	-7.1241	4.20879
7.1368	-4.20225	-7.1368	4.20225
7.14947	-4.1957	-7.14947	4.1957
7.1621	-4.18913	-7.1621	4.18913
7.17471	-4.18254	-7.17471	4.18254
7.18729	-4.17594	-7.18729	4.17594
7.19983	-4.16931	-7.19983	4.16931
7.21234	-4.16267	-7.21234	4.16267
7.22482	-4.15601	-7.22482	4.15601
